ID|DateObs|TimeObs|Filename|Object|RA_hhmmss|DEC_ddmmss|RA_deg|DEC_deg|RA_pix|Dec_pix|FilterName|JD|ExpTime_sec|Zmag|FWHM|Altitude|Airmass
1|2019-04-02|17:40:30|Mkn501-20190402@174029-R_Astrodon_2018_calib.fits|Mkn501|16 53 52.20|+39 45 37.0|253.4675|39.7603|1025.4948|1039.0523|R_Astrodon_2018|2458576.236458333|180.0|21.0638|2.4243|55.1003|1.2119
2|2019-04-02|17:43:44|Mkn501-20190402@174344-R_Astrodon_2018_calib.fits|Mkn501|16 53 52.20|+39 45 37.0|253.4675|39.7603|1024.5692|1038.2727|R_Astrodon_2018|2458576.2387037035|180.0|21.0681|2.3538|55.6959|1.2033
3|2019-04-05|16:46:04|Mkn501-20190405@164603-R_Astrodon_2018_calib.fits|Mkn501|16 53 52.20|+39 45 37.0|253.4675|39.7603|1027.4688|1043.6386|R_Astrodon_2018|2458579.1986574074|180.0|21.4247|2.7882|47.0716|1.3541
4|2019-04-05|16:49:19|Mkn501-20190405@164919-R_Astrodon_2018_calib.fits|Mkn501|16 53 52.20|+39 45 37.0|253.4675|39.7603|1026.7380|1041.9859|R_Astrodon_2018|2458579.2009143517|180.0|21.4096|2.8246|47.6919|1.3408
5|2019-04-06|15:11:02|Mkn501-20190406@151102-R_Astrodon_2018_calib.fits|Mkn501|16 53 52.20|+39 45 37.0|253.4675|39.7603|1028.5425|1053.8277|R_Astrodon_2018|2458580.132662037|180.0|21.2262|3.6242|29.5638|1.9915
6|2019-04-06|15:14:16|Mkn501-20190406@151416-R_Astrodon_2018_calib.fits|Mkn501|16 53 52.20|+39 45 37.0|253.4675|39.7603|1028.0327|1051.7369|R_Astrodon_2018|2458580.134907407|180.0|21.2626|3.1504|30.1824|1.9550
7|2019-04-07|14:40:12|Mkn501-20190407@144011-R_Astrodon_2018_calib.fits|Mkn501|16 53 52.20|+39 45 37.0|253.4675|39.7603|1029.4782|1057.9789|R_Astrodon_2018|2458581.11125|180.0|16.5895|2.4970|24.4454|2.3625
8|2019-04-07|14:43:26|Mkn501-20190407@144325-R_Astrodon_2018_calib.fits|Mkn501|16 53 52.20|+39 45 37.0|253.4675|39.7603|1029.6167|1055.9854|R_Astrodon_2018|2458581.1134953704|180.0|19.6371|3.3436|25.0575|2.3095
9|2019-04-09|14:33:16|Mkn501-20190409@143315-R_Astrodon_2018_calib.fits|Mkn501|16 53 52.20|+39 45 37.0|253.4675|39.7603|1029.5092|1053.3855|R_Astrodon_2018|2458583.1064351853|180.0|20.7554|3.5636|24.6214|2.3474
10|2019-04-09|14:36:30|Mkn501-20190409@143630-R_Astrodon_2018_calib.fits|Mkn501|16 53 52.20|+39 45 37.0|253.4675|39.7603|1029.6281|1054.5112|R_Astrodon_2018|2458583.1086805556|180.0|20.9100|4.1802|25.2338|2.2945
11|2019-04-10|19:40:47|Mkn501-20190410@194044-R_Astrodon_2018_calib.fits|Mkn501|16 53 52.20|+39 45 37.0|253.4675|39.7603|1020.0899|1023.3257|R_Astrodon_2018|2458584.319988426|180.0|21.4006|2.0999|73.6684|1.0420
12|2019-04-10|19:44:02|Mkn501-20190410@194401-R_Astrodon_2018_calib.fits|Mkn501|16 53 52.20|+39 45 37.0|253.4675|39.7603|1020.2710|1021.8648|R_Astrodon_2018|2458584.3222453706|180.0|21.3914|2.2690|73.6059|1.0425
13|2019-04-17|18:11:52|Mkn501-20190417@181152-R_Astrodon_2018_calib.fits|Mkn501|16 53 52.20|+39 45 37.0|253.4675|39.7603|1020.6738|1027.8370|R_Astrodon_2018|2458591.2582407407|180.0|21.4836|1.7937|69.8475|1.0629
14|2019-04-17|18:15:07|Mkn501-20190417@181506-R_Astrodon_2018_calib.fits|Mkn501|16 53 52.20|+39 45 37.0|253.4675|39.7603|1020.1664|1028.9337|R_Astrodon_2018|2458591.260497685|180.0|21.4602|1.9354|70.2443|1.0603
15|2019-04-24|17:36:59|Mkn501-20190424@173659-R_Astrodon_2018_calib.fits|Mkn501|16 53 52.20|+39 45 37.0|253.4675|39.7603|1019.3936|1028.5870|R_Astrodon_2018|2458598.234016204|180.0|21.4400|2.1346|68.894|1.0692
16|2019-04-24|17:40:15|Mkn501-20190424@174014-R_Astrodon_2018_calib.fits|Mkn501|16 53 52.20|+39 45 37.0|253.4675|39.7603|1018.5612|1029.4951|R_Astrodon_2018|2458598.236284722|180.0|21.4338|2.1900|69.3262|1.0663
17|2019-04-25|20:02:42|Mkn501-20190425@200241-R_Astrodon_2018_calib.fits|Mkn501|16 53 52.20|+39 45 37.0|253.4675|39.7603|1026.7845|1011.9608|R_Astrodon_2018|2458599.335208333|180.0|21.3324|2.0893|65.5329|1.1016
18|2019-04-25|20:05:55|Mkn501-20190425@200555-R_Astrodon_2018_calib.fits|Mkn501|16 53 52.20|+39 45 37.0|253.4675|39.7603|1026.8645|1013.1635|R_Astrodon_2018|2458599.33744213|180.0|21.3274|1.9320|65.0229|1.1063
19|2019-04-26|19:46:37|Mkn501-20190426@194636-R_Astrodon_2018_calib.fits|Mkn501|16 53 52.20|+39 45 37.0|253.4675|39.7603|1024.5456|1015.5747|R_Astrodon_2018|2458600.3240393517|180.0|20.7325|2.3225|67.3813|1.0858
20|2019-04-26|19:49:51|Mkn501-20190426@194950-R_Astrodon_2018_calib.fits|Mkn501|16 53 52.20|+39 45 37.0|253.4675|39.7603|1024.7428|1016.7938|R_Astrodon_2018|2458600.3262847224|180.0|20.6528|2.2706|66.9025|1.0898
21|2019-04-27|18:54:14|Mkn501-20190427@185414-R_Astrodon_2018_calib.fits|Mkn501|16 53 52.20|+39 45 37.0|253.4675|39.7603|1023.5239|1019.3635|R_Astrodon_2018|2458601.287662037|180.0|19.8229|2.0522|72.8239|1.0474
22|2019-04-27|18:57:28|Mkn501-20190427@185728-R_Astrodon_2018_calib.fits|Mkn501|16 53 52.20|+39 45 37.0|253.4675|39.7603|1024.1930|1019.1336|R_Astrodon_2018|2458601.2899074075|180.0|19.4949|2.0686|72.5948|1.0488
23|2019-04-28|15:07:33|Mkn501-20190428@150732-R_Astrodon_2018_calib.fits|Mkn501|16 53 52.20|+39 45 37.0|253.4675|39.7603|1025.4108|1041.9299|R_Astrodon_2018|2458602.1302430555|180.0|21.3792|2.8322|45.5251|1.3888
24|2019-04-28|15:10:47|Mkn501-20190428@151047-R_Astrodon_2018_calib.fits|Mkn501|16 53 52.20|+39 45 37.0|253.4675|39.7603|1024.5670|1040.6963|R_Astrodon_2018|2458602.132488426|180.0|21.3675|2.8551|46.1442|1.3744
25|2019-04-29|16:21:51|Mkn501-20190429@162150-R_Astrodon_2018_calib.fits|Mkn501|16 53 52.20|+39 45 37.0|253.4675|39.7603|1023.9234|1033.2737|R_Astrodon_2018|2458603.1818402777|180.0|21.3905|2.3140|60.0715|1.1484
26|2019-04-29|16:25:05|Mkn501-20190429@162504-R_Astrodon_2018_calib.fits|Mkn501|16 53 52.20|+39 45 37.0|253.4675|39.7603|1023.1809|1032.8166|R_Astrodon_2018|2458603.184085648|180.0|21.3900|2.3011|60.6386|1.1420
